5.119539e+02
1.022908e+03
1.532862e+03
2.041816e+03
2.549769e+03
3.056723e+03
3.562677e+03
4.067631e+03
4.571585e+03
5.074539e+03
5.576493e+03
6.077447e+03
6.577401e+03
7.076355e+03
7.574308e+03
8.071262e+03
8.567216e+03
9.062170e+03
9.556124e+03
1.004908e+04
1.054103e+04
1.103199e+04
1.152194e+04
1.201089e+04
1.249885e+04
1.298580e+04
1.347176e+04
1.395671e+04
1.444066e+04
1.492362e+04
1.540557e+04
1.588653e+04
1.636648e+04
1.684543e+04
1.732339e+04
1.780034e+04
1.827630e+04
1.875125e+04
1.922521e+04
1.969816e+04
2.017011e+04
2.064107e+04
2.111102e+04
2.157998e+04
2.204793e+04
2.251489e+04
2.298084e+04
2.344579e+04
2.390975e+04
2.437270e+04
2.483466e+04
2.529561e+04
2.575557e+04
2.621452e+04
2.667248e+04
2.712943e+04
2.758538e+04
2.804034e+04
2.849429e+04
2.894725e+04
2.939920e+04
2.985016e+04
3.030011e+04
3.074907e+04
3.119702e+04
3.164398e+04
3.208993e+04
3.253489e+04
3.297884e+04
3.342180e+04
3.386375e+04
3.430471e+04
3.474466e+04
3.518362e+04
3.562157e+04
3.605853e+04
3.649448e+04
3.692944e+04
3.736339e+04
3.779635e+04
3.822830e+04
3.865926e+04
3.908921e+04
3.951817e+04
3.994612e+04
4.037308e+04
4.079904e+04
4.122399e+04
4.164795e+04
4.207090e+04
4.249286e+04
4.291381e+04
4.333377e+04
4.375272e+04
4.417068e+04
4.458764e+04
4.500359e+04
4.541855e+04
4.583250e+04
4.624546e+04
4.665742e+04
4.706837e+04
4.747833e+04
4.788728e+04
4.829524e+04
4.870220e+04
4.910815e+04
4.951311e+04
4.991707e+04
5.032002e+04
5.072198e+04
5.112294e+04
5.152289e+04
5.192185e+04
5.231981e+04
5.271676e+04
5.311272e+04
5.350768e+04
5.390163e+04
5.429459e+04
5.468655e+04
5.507750e+04
5.546746e+04
5.585642e+04
5.624438e+04
5.663133e+04
5.701729e+04
5.740225e+04
5.778620e+04
5.816916e+04
5.855112e+04
5.893208e+04
5.931203e+04
5.969099e+04
6.006895e+04
6.044591e+04
6.082187e+04
6.119682e+04
6.157078e+04
6.194374e+04
6.231570e+04
6.268666e+04
6.305661e+04
6.342557e+04
6.379353e+04
6.416049e+04
6.452645e+04
6.489141e+04
6.525536e+04
6.561832e+04
6.598028e+04
6.634124e+04
6.670120e+04
6.706016e+04
6.741812e+04
6.777508e+04
6.813104e+04
6.848599e+04
6.883995e+04
6.919291e+04
6.954487e+04
6.989583e+04
7.024579e+04
7.059475e+04
7.094271e+04
7.128967e+04
7.163563e+04
7.198059e+04
7.232455e+04
7.266751e+04
7.300947e+04
7.335043e+04
7.369039e+04
7.402935e+04
7.436731e+04
7.470427e+04
7.504023e+04
7.537519e+04
7.570915e+04
7.604211e+04
7.637407e+04
7.670504e+04
7.703500e+04
7.736396e+04
7.769192e+04
7.801888e+04
7.834484e+04
7.866980e+04
7.899376e+04
7.931672e+04
7.963869e+04
7.995965e+04
8.027961e+04
8.059857e+04
8.091653e+04
8.123349e+04
8.154946e+04
8.186442e+04
8.217838e+04
8.249134e+04
8.280331e+04
8.311427e+04
8.342423e+04
8.373319e+04
8.404116e+04
8.434812e+04
8.465408e+04
8.495904e+04
8.526301e+04
8.556597e+04
8.586793e+04
8.616890e+04
8.646886e+04
8.676782e+04
8.706579e+04
8.736275e+04
8.765871e+04
8.795368e+04
8.824764e+04
8.854061e+04
8.883257e+04
8.912353e+04
8.941350e+04
8.970246e+04
8.999043e+04
9.027739e+04
9.056336e+04
9.084832e+04
9.113228e+04
9.141525e+04
9.169721e+04
9.197818e+04
9.225814e+04
9.253711e+04
9.281508e+04
9.309204e+04
9.336801e+04
9.364297e+04
9.391694e+04
9.418990e+04
9.446187e+04
9.473283e+04
9.500280e+04
9.527177e+04
9.553973e+04
9.580670e+04
9.607267e+04
9.633763e+04
9.660160e+04
9.686457e+04
9.712653e+04
9.738750e+04
9.764747e+04
9.790643e+04
9.816440e+04
9.842137e+04
9.867734e+04
9.893230e+04
9.918627e+04
9.943924e+04
9.969121e+04
9.994217e+04
1.001921e+05
1.004411e+05
1.006891e+05
1.009360e+05
1.011820e+05
1.014270e+05
1.016710e+05
1.019139e+05
1.021559e+05
1.023969e+05
1.026368e+05
1.028758e+05
1.031138e+05
1.033507e+05
1.035867e+05
1.038217e+05
1.040556e+05
1.042886e+05
1.045206e+05
1.047516e+05
1.049815e+05
1.052105e+05
1.054385e+05
1.056654e+05
1.058914e+05
1.061164e+05
1.063403e+05
1.065633e+05
1.067853e+05
1.070063e+05
1.072262e+05
1.074452e+05
1.076632e+05
1.078801e+05
1.080961e+05
1.083111e+05
1.085251e+05
1.087380e+05
1.089500e+05
1.091610e+05
1.093709e+05
1.095799e+05
1.097879e+05
1.099949e+05
1.102008e+05
1.104058e+05
1.106098e+05
1.108128e+05
1.110147e+05
1.112157e+05
1.114157e+05
1.116147e+05
1.118126e+05
1.120096e+05
1.122056e+05
1.124005e+05
1.125945e+05
1.127875e+05
1.129795e+05
1.131704e+05
1.133604e+05
1.135494e+05
1.137374e+05
1.139243e+05
1.141103e+05
1.142953e+05
1.144793e+05
1.146622e+05
1.148442e+05
1.150252e+05
1.152052e+05
1.153841e+05
1.155621e+05
1.157391e+05
1.159151e+05
1.160901e+05
1.162640e+05
1.164370e+05
1.166090e+05
1.167800e+05
1.169499e+05
1.171189e+05
1.172869e+05
1.174539e+05
1.176198e+05
1.177848e+05
1.179488e+05
1.181118e+05
1.182738e+05
1.184347e+05
1.185947e+05
1.187537e+05
1.189117e+05
1.190687e+05
1.192246e+05
1.193796e+05
1.195336e+05
1.196866e+05
1.198385e+05
1.199895e+05
1.201395e+05
1.202885e+05
1.204365e+05
1.205834e+05
1.207294e+05
1.208744e+05
1.210184e+05
1.211614e+05
1.213033e+05
1.214443e+05
1.215843e+05
1.217233e+05
1.218613e+05
1.219983e+05
1.221342e+05
1.222692e+05
1.224032e+05
1.225362e+05
1.226682e+05
1.227991e+05
1.229291e+05
1.230581e+05
1.231861e+05
1.233131e+05
1.234391e+05
1.235640e+05
1.236880e+05
1.238110e+05
1.239330e+05
1.240540e+05
1.241740e+05
1.242929e+05
1.244109e+05
1.245279e+05
1.246439e+05
1.247589e+05
1.248729e+05
1.249858e+05
1.250978e+05
1.252088e+05
1.253188e+05
1.254278e+05
1.255358e+05
1.256427e+05
1.257487e+05
1.258537e+05
1.259577e+05
1.260607e+05
1.261627e+05
1.262637e+05
1.263636e+05
1.264626e+05
1.265606e+05
1.266576e+05
1.267536e+05
1.268486e+05
1.269426e+05
1.270356e+05
1.271275e+05
1.272185e+05
1.273085e+05
1.273975e+05
1.274855e+05
1.275725e+05
1.276585e+05
1.277435e+05
1.278274e+05
1.279104e+05
1.279924e+05
1.280734e+05
1.281534e+05
1.282324e+05
1.283104e+05
1.283874e+05
1.284634e+05
1.285383e+05
1.286123e+05
1.286853e+05
1.287573e+05
1.288283e+05
1.288983e+05
1.289673e+05
1.290353e+05
1.291023e+05
1.291683e+05
1.292332e+05
1.292972e+05
1.293602e+05
1.294222e+05
1.294832e+05
1.295432e+05
1.296022e+05
1.296602e+05
1.297172e+05
1.297732e+05
1.298282e+05
1.298822e+05
1.299351e+05
1.299871e+05
1.300381e+05
1.300881e+05
1.301371e+05
1.301851e+05
1.302321e+05
1.302781e+05
1.303231e+05
1.303671e+05
1.304101e+05
1.304521e+05
1.304931e+05
1.305331e+05
1.305721e+05
1.306101e+05
1.306470e+05
1.306830e+05
1.307180e+05
1.307520e+05
1.307850e+05
1.308170e+05
1.308480e+05
1.308780e+05
1.309070e+05
1.309350e+05
1.309620e+05
1.309880e+05
1.310130e+05
1.310370e+05
1.310600e+05
1.310820e+05
1.311030e+05
1.311230e+05
1.311420e+05
1.311600e+05
1.311770e+05
1.311930e+05
1.312080e+05
1.312220e+05
1.312350e+05
1.312470e+05
1.312580e+05
1.312680e+05
1.312770e+05
1.312850e+05
1.312920e+05
1.312980e+05
1.313030e+05
1.313070e+05
1.313100e+05
1.313120e+05
1.313130e+05
1.313130e+05
1.313120e+05
1.313100e+05
1.313070e+05
1.313030e+05
1.312980e+05
1.312920e+05
1.312850e+05
1.312770e+05
1.312680e+05
1.312580e+05
1.312470e+05
1.312350e+05
1.312220e+05
1.312080e+05
1.311930e+05
1.311770e+05
1.311600e+05
1.311420e+05
1.311230e+05
1.311030e+05
1.310820e+05
1.310600e+05
1.310370e+05
1.310130e+05
1.309880e+05
1.309620e+05
1.309350e+05
1.309070e+05
1.308780e+05
1.308480e+05
1.308170e+05
1.307850e+05
1.307520e+05
1.307180e+05
1.306830e+05
1.306470e+05
1.306101e+05
1.305721e+05
1.305331e+05
1.304931e+05
1.304521e+05
1.304101e+05
1.303671e+05
1.303231e+05
1.302781e+05
1.302321e+05
1.301851e+05
1.301371e+05
1.300881e+05
1.300381e+05
1.299871e+05
1.299351e+05
1.298822e+05
1.298282e+05
1.297732e+05
1.297172e+05
1.296602e+05
1.296022e+05
1.295432e+05
1.294832e+05
1.294222e+05
1.293602e+05
1.292972e+05
1.292332e+05
1.291683e+05
1.291023e+05
1.290353e+05
1.289673e+05
1.288983e+05
1.288283e+05
1.287573e+05
1.286853e+05
1.286123e+05
1.285383e+05
1.284634e+05
1.283874e+05
1.283104e+05
1.282324e+05
1.281534e+05
1.280734e+05
1.279924e+05
1.279104e+05
1.278274e+05
1.277435e+05
1.276585e+05
1.275725e+05
1.274855e+05
1.273975e+05
1.273085e+05
1.272185e+05
1.271275e+05
1.270356e+05
1.269426e+05
1.268486e+05
1.267536e+05
1.266576e+05
1.265606e+05
1.264626e+05
1.263636e+05
1.262637e+05
1.261627e+05
1.260607e+05
1.259577e+05
1.258537e+05
1.257487e+05
1.256427e+05
1.255358e+05
1.254278e+05
1.253188e+05
1.252088e+05
1.250978e+05
1.249858e+05
1.248729e+05
1.247589e+05
1.246439e+05
1.245279e+05
1.244109e+05
1.242929e+05
1.241740e+05
1.240540e+05
1.239330e+05
1.238110e+05
1.236880e+05
1.235640e+05
1.234391e+05
1.233131e+05
1.231861e+05
1.230581e+05
1.229291e+05
1.227991e+05
1.226682e+05
1.225362e+05
1.224032e+05
1.222692e+05
1.221342e+05
1.219983e+05
1.218613e+05
1.217233e+05
1.215843e+05
1.214443e+05
1.213033e+05
1.211614e+05
1.210184e+05
1.208744e+05
1.207294e+05
1.205834e+05
1.204365e+05
1.202885e+05
1.201395e+05
1.199895e+05
1.198385e+05
1.196866e+05
1.195336e+05
1.193796e+05
1.192246e+05
1.190687e+05
1.189117e+05
1.187537e+05
1.185947e+05
1.184347e+05
1.182738e+05
1.181118e+05
1.179488e+05
1.177848e+05
1.176198e+05
1.174539e+05
1.172869e+05
1.171189e+05
1.169499e+05
1.167800e+05
1.166090e+05
1.164370e+05
1.162640e+05
1.160901e+05
1.159151e+05
1.157391e+05
1.155621e+05
1.153841e+05
1.152052e+05
1.150252e+05
1.148442e+05
1.146622e+05
1.144793e+05
1.142953e+05
1.141103e+05
1.139243e+05
1.137374e+05
1.135494e+05
1.133604e+05
1.131704e+05
1.129795e+05
1.127875e+05
1.125945e+05
1.124005e+05
1.122056e+05
1.120096e+05
1.118126e+05
1.116147e+05
1.114157e+05
1.112157e+05
1.110147e+05
1.108128e+05
1.106098e+05
1.104058e+05
1.102008e+05
1.099949e+05
1.097879e+05
1.095799e+05
1.093709e+05
1.091610e+05
1.089500e+05
1.087380e+05
1.085251e+05
1.083111e+05
1.080961e+05
1.078801e+05
1.076632e+05
1.074452e+05
1.072262e+05
1.070063e+05
1.067853e+05
1.065633e+05
1.063403e+05
1.061164e+05
1.058914e+05
1.056654e+05
1.054385e+05
1.052105e+05
1.049815e+05
1.047516e+05
1.045206e+05
1.042886e+05
1.040556e+05
1.038217e+05
1.035867e+05
1.033507e+05
1.031138e+05
1.028758e+05
1.026368e+05
1.023969e+05
1.021559e+05
1.019139e+05
1.016710e+05
1.014270e+05
1.011820e+05
1.009360e+05
1.006891e+05
1.004411e+05
1.001921e+05
9.994217e+04
9.969121e+04
9.943924e+04
9.918627e+04
9.893230e+04
9.867734e+04
9.842137e+04
9.816440e+04
9.790643e+04
9.764747e+04
9.738750e+04
9.712653e+04
9.686457e+04
9.660160e+04
9.633763e+04
9.607267e+04
9.580670e+04
9.553973e+04
9.527177e+04
9.500280e+04
9.473283e+04
9.446187e+04
9.418990e+04
9.391694e+04
9.364297e+04
9.336801e+04
9.309204e+04
9.281508e+04
9.253711e+04
9.225814e+04
9.197818e+04
9.169721e+04
9.141525e+04
9.113228e+04
9.084832e+04
9.056336e+04
9.027739e+04
8.999043e+04
8.970246e+04
8.941350e+04
8.912353e+04
8.883257e+04
8.854061e+04
8.824764e+04
8.795368e+04
8.765871e+04
8.736275e+04
8.706579e+04
8.676782e+04
8.646886e+04
8.616890e+04
8.586793e+04
8.556597e+04
8.526301e+04
8.495904e+04
8.465408e+04
8.434812e+04
8.404116e+04
8.373319e+04
8.342423e+04
8.311427e+04
8.280331e+04
8.249134e+04
8.217838e+04
8.186442e+04
8.154946e+04
8.123349e+04
8.091653e+04
8.059857e+04
8.027961e+04
7.995965e+04
7.963869e+04
7.931672e+04
7.899376e+04
7.866980e+04
7.834484e+04
7.801888e+04
7.769192e+04
7.736396e+04
7.703500e+04
7.670504e+04
7.637407e+04
7.604211e+04
7.570915e+04
7.537519e+04
7.504023e+04
7.470427e+04
7.436731e+04
7.402935e+04
7.369039e+04
7.335043e+04
7.300947e+04
7.266751e+04
7.232455e+04
7.198059e+04
7.163563e+04
7.128967e+04
7.094271e+04
7.059475e+04
7.024579e+04
6.989583e+04
6.954487e+04
6.919291e+04
6.883995e+04
6.848599e+04
6.813104e+04
6.777508e+04
6.741812e+04
6.706016e+04
6.670120e+04
6.634124e+04
6.598028e+04
6.561832e+04
6.525536e+04
6.489141e+04
6.452645e+04
6.416049e+04
6.379353e+04
6.342557e+04
6.305661e+04
6.268666e+04
6.231570e+04
6.194374e+04
6.157078e+04
6.119682e+04
6.082187e+04
6.044591e+04
6.006895e+04
5.969099e+04
5.931203e+04
5.893208e+04
5.855112e+04
5.816916e+04
5.778620e+04
5.740225e+04
5.701729e+04
5.663133e+04
5.624438e+04
5.585642e+04
5.546746e+04
5.507750e+04
5.468655e+04
5.429459e+04
5.390163e+04
5.350768e+04
5.311272e+04
5.271676e+04
5.231981e+04
5.192185e+04
5.152289e+04
5.112294e+04
5.072198e+04
5.032002e+04
4.991707e+04
4.951311e+04
4.910815e+04
4.870220e+04
4.829524e+04
4.788728e+04
4.747833e+04
4.706837e+04
4.665742e+04
4.624546e+04
4.583250e+04
4.541855e+04
4.500359e+04
4.458764e+04
4.417068e+04
4.375272e+04
4.333377e+04
4.291381e+04
4.249286e+04
4.207090e+04
4.164795e+04
4.122399e+04
4.079904e+04
4.037308e+04
3.994612e+04
3.951817e+04
3.908921e+04
3.865926e+04
3.822830e+04
3.779635e+04
3.736339e+04
3.692944e+04
3.649448e+04
3.605853e+04
3.562157e+04
3.518362e+04
3.474466e+04
3.430471e+04
3.386375e+04
3.342180e+04
3.297884e+04
3.253489e+04
3.208993e+04
3.164398e+04
3.119702e+04
3.074907e+04
3.030011e+04
2.985016e+04
2.939920e+04
2.894725e+04
2.849429e+04
2.804034e+04
2.758538e+04
2.712943e+04
2.667248e+04
2.621452e+04
2.575557e+04
2.529561e+04
2.483466e+04
2.437270e+04
2.390975e+04
2.344579e+04
2.298084e+04
2.251489e+04
2.204793e+04
2.157998e+04
2.111102e+04
2.064107e+04
2.017011e+04
1.969816e+04
1.922521e+04
1.875125e+04
1.827630e+04
1.780034e+04
1.732339e+04
1.684543e+04
1.636648e+04
1.588653e+04
1.540557e+04
1.492362e+04
1.444066e+04
1.395671e+04
1.347176e+04
1.298580e+04
1.249885e+04
1.201089e+04
1.152194e+04
1.103199e+04
1.054103e+04
1.004908e+04
9.556124e+03
9.062170e+03
8.567216e+03
8.071262e+03
7.574308e+03
7.076355e+03
6.577401e+03
6.077447e+03
5.576493e+03
5.074539e+03
4.571585e+03
4.067631e+03
3.562677e+03
3.056723e+03
2.549769e+03
2.041816e+03
1.532862e+03
1.022908e+03
5.119539e+02
